version https://git-lfs.github.com/spec/v1
oid sha256:87620e0a7c0a376ff7fcc543b03f0c8e213cf37567b877a32b5a79661ef4c6a8
size 175421
